Analytic formula for the resulting magnetic field:
(-1.0e-6*y*(z/sqrt(x**2 + y**2 + z**2) - (10*z - 100)/(10*sqrt(x**2 + y**2 + (z - 10)**2)))/(sqrt(x**2 + y**2)*sqrt(100*x**2 + 100*y**2)))*L.i + (1.0e-6*x*(z/sqrt(x**2 + y**2 + z**2) - (10*z - 100)/(10*sqrt(x**2 + y**2 + (z - 10)**2)))/(sqrt(x**2 + y**2)*sqrt(100*x**2 + 100*y**2)))*L.j

Data concerning the trajectory of the particle:
x coordinates of the trajectory:
8.000000
8.025000
8.049963
8.074851
8.099628
8.124257
8.148698
8.172916
8.196872
8.220528
8.243846
8.266786
8.289311
8.311380
8.332954
8.353993
8.374456
8.394301
8.413488
8.431973
8.449715
8.466669
8.482792
8.498038
8.512363
8.525721
8.538064
8.549345
8.559516
8.568527
8.576329
8.582871
8.588101
8.591968
8.594417
8.595395
8.594846
8.592716
8.588946
8.583480
8.576258
8.567222
8.556311
8.543464
8.528619
8.511713
8.492683
8.471463
8.447988
8.422193
8.394010
8.363371
8.330208
8.294452
8.256034
8.214882
8.170926
8.124094
8.074314
8.021514
7.965622
7.906563
7.844264
7.778652
7.709654
7.637194
7.561200
7.481597
7.398312
7.311272
7.220404
7.125635
7.026893
6.924107
6.817207
6.706123
6.590786
6.471128
6.347084
6.218589
6.085579
5.947993
5.805770
5.658853
5.507187
5.350718
5.189394
5.023169
4.851996
4.675833
4.494641
4.308385
4.117032
3.920555
3.718929
3.512134
3.300155
3.082982
2.860610
2.633037
2.400270
2.162319
1.919202
1.670942
1.417569
1.159120
0.895639
0.627178
0.353797
0.075562
-0.207451
-0.495156
-0.787461
-1.084262
-1.385446
-1.690891
-2.000464
-2.314020
-2.631404
-2.952450
-3.276979
-3.604801
-3.935712
-4.269497
-4.605925
-4.944753
-5.285724
-5.628565
-5.972991
-6.318698
-6.665368
-7.012668
-7.360247
-7.707738
-8.054755
-8.400896
-8.745740
-9.088849
-9.429764
-9.768007
-10.103082
-10.434471
-10.761636
-11.084019
-11.401040
-11.712097
-12.016567
-12.313804
-12.603140
-12.883882
-13.155316
-13.416703
-13.667280
-13.906260
-14.132832
-14.346159
-14.545379
-14.729605
-14.897924
-15.049399
-15.183064
-15.297928
-15.392975
-15.467161
-15.519416
y coordinates of the trajectory:
2.000000
2.025000
2.049991
2.074963
2.099907
2.124814
2.149675
2.174479
2.199218
2.223882
2.248461
2.272947
2.297328
2.321595
2.345739
2.369748
2.393614
2.417325
2.440872
2.464243
2.487429
2.510417
2.533198
2.555760
2.578091
2.600180
2.622016
2.643586
2.664879
2.685882
2.706582
2.726968
2.747025
2.766742
2.786104
2.805099
2.823712
2.841929
2.859736
2.877120
2.894065
2.910555
2.926578
2.942116
2.957155
2.971678
2.985671
2.999116
3.011997
3.024298
3.036002
3.047093
3.057552
3.067363
3.076508
3.084970
3.092731
3.099773
3.106079
3.111629
3.116405
3.120391
3.123566
3.125913
3.127413
3.128048
3.127800
3.126649
3.124578
3.121568
3.117601
3.112659
3.106723
3.099777
3.091802
3.082781
3.072696
3.061532
3.049271
3.035897
3.021395
3.005748
2.988942
2.970963
2.951797
2.931429
2.909849
2.887042
2.862999
2.837708
2.811160
2.783346
2.754258
2.723889
2.692232
2.659283
2.625039
2.589496
2.552652
2.514509
2.475067
2.434330
2.392300
2.348985
2.304392
2.258530
2.211410
2.163045
2.113449
2.062640
2.010637
1.957461
1.903135
1.847685
1.791138
1.733527
1.674884
1.615245
1.554649
1.493138
1.430755
1.367550
1.303572
1.238876
1.173519
1.107562
1.041069
0.974109
0.906752
0.839076
0.771158
0.703083
0.634938
0.566816
0.498811
0.431026
0.363565
0.296538
0.230059
0.164248
0.099230
0.035132
-0.027909
-0.089755
-0.150260
-0.209274
-0.266642
-0.322201
-0.375785
-0.427220
-0.476329
-0.522926
-0.566820
-0.607815
-0.645708
-0.680290
-0.711345
-0.738651
-0.761981
-0.781100
-0.795766
-0.805732
-0.810744
-0.810540
-0.804854
z coordinates of the trajectory:
2.000000
2.035355
2.070744
2.106197
2.141749
2.177432
2.213278
2.249320
2.285589
2.322118
2.358936
2.396076
2.433568
2.471442
2.509727
2.548453
2.587647
2.627339
2.667554
2.708319
2.749659
2.791600
2.834166
2.877378
2.921259
2.965830
3.011111
3.057121
3.103876
3.151394
3.199689
3.248774
3.298663
3.349366
3.400891
3.453248
3.506441
3.560475
3.615353
3.671075
3.727640
3.785046
3.843286
3.902354
3.962240
4.022932
4.084417
4.146678
4.209697
4.273452
4.337920
4.403073
4.468883
4.535318
4.602342
4.669917
4.738003
4.806556
4.875528
4.944868
5.014523
5.084434
5.154542
5.224781
5.295084
5.365377
5.435586
5.505630
5.575425
5.644883
5.713913
5.782417
5.850295
5.917442
5.983747
6.049097
6.113372
6.176449
6.238199
6.298488
6.357178
6.414125
6.469182
6.522193
6.573001
6.621440
6.667341
6.710529
6.750824
6.788038
6.821982
6.852456
6.879259
6.902182
6.921010
6.935523
6.945496
6.950697
6.950888
6.945826
6.935263
6.918943
6.896605
6.867984
6.832807
6.790796
6.741668
6.685134
6.620900
6.548664
6.468121
6.378961
6.280867
6.173518
6.056588
5.929746
5.792655
5.644975
5.486362
5.316465
5.134932
4.941405
4.735523
4.516922
4.285235
4.040091
3.781116
3.507936
3.220172
2.917445
2.599374
2.265577
1.915672
1.549276
1.166005
0.765478
0.347313
-0.088870
-0.543449
-1.016799
-1.509293
-2.021300
-2.553184
-3.105307
-3.678022
-4.271679
-4.886619
-5.523179
-6.181684
-6.862452
-7.565792
-8.292002
-9.041368
-9.814166
-10.610656
-11.431088
-12.275693
-13.144690
-14.038280
-14.956644
-15.899947
-16.868334
-17.861928
-18.880829
-19.925116
time particle is at a certain position (in sec):
0.000000
0.000500
0.001000
0.001500
0.002000
0.002500
0.003000
0.003500
0.004000
0.004500
0.005000
0.005500
0.006000
0.006500
0.007000
0.007500
0.008000
0.008500
0.009000
0.009500
0.010000
0.010500
0.011000
0.011500
0.012000
0.012500
0.013000
0.013500
0.014000
0.014500
0.015000
0.015500
0.016000
0.016500
0.017000
0.017500
0.018000
0.018500
0.019000
0.019500
0.020000
0.020500
0.021000
0.021500
0.022000
0.022500
0.023000
0.023500
0.024000
0.024500
0.025000
0.025500
0.026000
0.026500
0.027000
0.027500
0.028000
0.028500
0.029000
0.029500
0.030000
0.030500
0.031000
0.031500
0.032000
0.032500
0.033000
0.033500
0.034000
0.034500
0.035000
0.035500
0.036000
0.036500
0.037000
0.037500
0.038000
0.038500
0.039000
0.039500
0.040000
0.040500
0.041000
0.041500
0.042000
0.042500
0.043000
0.043500
0.044000
0.044500
0.045000
0.045500
0.046000
0.046500
0.047000
0.047500
0.048000
0.048500
0.049000
0.049500
0.050000
0.050500
0.051000
0.051500
0.052000
0.052500
0.053000
0.053500
0.054000
0.054500
0.055000
0.055500
0.056000
0.056500
0.057000
0.057500
0.058000
0.058500
0.059000
0.059500
0.060000
0.060500
0.061000
0.061500
0.062000
0.062500
0.063000
0.063500
0.064000
0.064500
0.065000
0.065500
0.066000
0.066500
0.067000
0.067500
0.068000
0.068500
0.069000
0.069500
0.070000
0.070500
0.071000
0.071500
0.072000
0.072500
0.073000
0.073500
0.074000
0.074500
0.075000
0.075500
0.076000
0.076500
0.077000
0.077500
0.078000
0.078500
0.079000
0.079500
0.080000
0.080500
0.081000
0.081500
0.082000
|v| at a certain position:
100.000000
100.000051
100.000356
100.001322
100.003559
100.007881
100.015304
100.027048
100.044534
100.069385
100.103426
100.148678
100.207361
100.281887
100.374857
100.489059
100.627459
100.793193
100.989563
101.220022
101.488165
101.797717
102.152513
102.556489
103.013656
103.528087
104.103893
104.745201
105.456132
106.240780
107.103184
108.047309
109.077025
110.196081
111.408092
112.716516
114.124643
115.635581
117.252247
118.977359
120.813436
122.762793
124.827547
127.009619
129.310745
131.732483
134.276224
136.943209
139.734539
142.651192
145.694041
148.863867
152.161374
155.587211
159.141981
162.826260
166.640608
170.585588
174.661771
178.869755
183.210173
187.683703
192.291076
197.033089
201.910609
206.924581
212.076036
217.366093
222.795969
228.366982
234.080553
239.938215
245.941610
252.092498
258.392758
264.844391
271.449521
278.210400
285.129408
292.209056
299.451989
306.860986
314.438965
322.188979
330.114224
338.218039
346.503903
354.975445
363.636438
372.490804
381.542618
390.796105
400.255645
409.925771
419.811178
429.916717
440.247400
450.808403
461.605067
472.642898
483.927572
495.464937
507.261012
519.321991
531.654246
544.264329
557.158973
570.345097
583.829806
597.620395
611.724350
626.149355
640.903289
655.994234
671.430477
687.220509
703.373035
719.896974
736.801461
754.095854
771.789737
789.892921
808.415452
827.367615
846.759935
866.603185
886.908389
907.686828
928.950045
950.709848
972.978319
995.767817
1019.090983
1042.960752
1067.390349
1092.393305
1117.983459
1144.174965
1170.982298
1198.420266
1226.504011
1255.249020
1284.671134
1314.786553
1345.611847
1377.163962
1409.460233
1442.518388
1476.356559
1510.993294
1546.447565
1582.738776
1619.886776
1657.911871
1696.834831
1736.676902
1777.459821
1819.205823
1861.937657
1905.678595
1950.452446
1996.283572
2043.196895
2091.217916
2140.372726
|a| at a certain position:
0.000000
201.688723
403.377506
605.066564
806.756430
1008.448108
1210.143233
1411.844230
1613.554465
1815.278410
2017.021798
2218.791779
2420.597077
2622.448148
2824.357340
3026.339042
3228.409848
3430.588706
3632.897077
3835.359088
4038.001685
4240.854785
4443.951429
4647.327928
4851.024013
5055.082980
5259.551836
5464.481438
5669.926630
5875.946383
6082.603925
6289.966867
6498.107331
6707.102067
6917.032570
7127.985188
7340.051229
7553.327054
7767.914174
7983.919329
8201.454573
8420.637337
8641.590493
8864.442409
9089.326996
9316.383739
9545.757728
9777.599674
10012.065922
10249.318445
10489.524836
10732.858290
10979.497574
11229.626989
11483.436323
11741.120798
12002.881006
12268.922838
12539.457408
12814.700969
13094.874823
13380.205229
13670.923304
13967.264924
14269.470619
14577.785471
14892.459011
15213.745115
15541.901906
15877.191655
16219.880687
16570.239298
16928.541671
17295.065801
17670.093432
18053.910002
18446.804593
18849.069897
19261.002195
19682.901342
20115.070767
20557.817490
21011.452149
21476.289038
21952.646167
22440.845326
22941.212175
23454.076335
23979.771506
24518.635588
25071.010826
25637.243958
26217.686386
26812.694356
27422.629146
28047.857276
28688.750722
29345.687145
30019.050130
30709.229437
31416.621260
32141.628497
32884.661031
33646.136017
34426.478179
35226.120118
36045.502621
36885.074986
37745.295348
38626.631013
39529.558806
40454.565411
41402.147732
42372.813254
43367.080406
44385.478939
45428.550299
46496.848019
47590.938102
48711.399424
49858.824128
51033.818038
52237.001068
53469.007642
54730.487119
56022.104224
57344.539483
58698.489667
60084.668243
61503.805828
62956.650649
64443.969021
65966.545812
67525.184938
69120.709847
70753.964023
72425.811490
74137.137334
75888.848218
77681.872926
79517.162899
81395.692791
83318.461030
85286.490390
87300.828579
89362.548826
91472.750494
93632.559693
95843.129911
98105.642657
100421.308115
102791.365814
105217.085307
107699.766872
110240.742220
112841.375224
115503.062655
118227.234950
121015.356977
123868.928832
126789.486646
129778.603413
132837.889837
135968.995194
139173.608220
End of file
