Analytic formula for the resulting magnetic field:
0

Data concerning the trajectory of the particle:
x coordinates of the trajectory:
8.000000
8.025000
8.050000
8.075000
8.100000
8.125000
8.150000
8.175000
8.200000
8.225000
8.250000
8.275000
8.300000
8.325000
8.350000
8.375000
8.400000
8.425000
8.450000
8.475000
8.500000
8.525000
8.550000
8.575000
8.600000
8.625000
8.650000
8.675000
8.700000
8.725000
8.750000
8.775000
8.800000
8.825000
8.850000
8.875000
8.900000
8.925000
8.950000
8.975000
9.000000
9.025000
9.050000
9.075000
9.100000
9.125000
9.150000
9.175000
9.200000
9.225000
9.250000
9.275000
9.300000
9.325000
9.350000
9.375000
9.400000
9.425000
9.450000
9.475000
9.500000
9.525000
9.550000
9.575000
9.600000
9.625000
9.650000
9.675000
9.700000
9.725000
9.750000
9.775000
9.800000
9.825000
9.850000
9.875000
9.900000
9.925000
9.950000
9.975000
10.000000
10.025000
10.050000
10.075000
10.100000
10.125000
10.150000
10.175000
10.200000
10.225000
10.250000
10.275000
10.300000
10.325000
10.350000
10.375000
10.400000
10.425000
10.450000
10.475000
10.500000
10.525000
10.550000
10.575000
10.600000
10.625000
10.650000
10.675000
10.700000
10.725000
10.750000
10.775000
10.800000
10.825000
10.850000
10.875000
10.900000
10.925000
10.950000
10.975000
11.000000
11.025000
11.050000
11.075000
11.100000
11.125000
11.150000
11.175000
11.200000
11.225000
11.250000
11.275000
11.300000
11.325000
11.350000
11.375000
11.400000
11.425000
11.450000
11.475000
11.500000
11.525000
11.550000
11.575000
11.600000
11.625000
11.650000
11.675000
11.700000
11.725000
11.750000
11.775000
11.800000
11.825000
11.850000
11.875000
11.900000
11.925000
11.950000
11.975000
12.000000
12.025000
12.050000
12.075000
12.100000
12.125000
12.150000
12.175000
12.200000
12.225000
12.250000
12.275000
12.300000
12.325000
12.350000
12.375000
12.400000
12.425000
12.450000
12.475000
12.500000
12.525000
12.550000
12.575000
12.600000
12.625000
12.650000
12.675000
12.700000
12.725000
12.750000
12.775000
12.800000
12.825000
12.850000
12.875000
12.900000
12.925000
12.950000
12.975000
13.000000
13.025000
13.050000
13.075000
13.100000
13.125000
13.150000
13.175000
13.200000
13.225000
13.250000
13.275000
13.300000
13.325000
13.350000
13.375000
13.400000
13.425000
13.450000
13.475000
13.500000
13.525000
13.550000
13.575000
13.600000
13.625000
13.650000
13.675000
13.700000
13.725000
13.750000
13.775000
13.800000
13.825000
13.850000
13.875000
13.900000
13.925000
13.950000
13.975000
14.000000
14.025000
14.050000
14.075000
14.100000
14.125000
14.150000
14.175000
14.200000
14.225000
14.250000
14.275000
14.300000
14.325000
14.350000
14.375000
14.400000
14.425000
14.450000
14.475000
14.500000
14.525000
14.550000
14.575000
14.600000
14.625000
14.650000
14.675000
14.700000
14.725000
14.750000
14.775000
14.800000
14.825000
14.850000
14.875000
14.900000
14.925000
14.950000
14.975000
15.000000
15.025000
15.050000
15.075000
15.100000
15.125000
15.150000
15.175000
15.200000
15.225000
15.250000
15.275000
15.300000
15.325000
15.350000
15.375000
15.400000
15.425000
15.450000
15.475000
15.500000
15.525000
15.550000
15.575000
15.600000
15.625000
15.650000
15.675000
15.700000
15.725000
15.750000
15.775000
15.800000
15.825000
15.850000
15.875000
15.900000
15.925000
15.950000
15.975000
16.000000
16.025000
16.050000
16.075000
16.100000
16.125000
16.150000
16.175000
16.200000
16.225000
16.250000
16.275000
16.300000
16.325000
16.350000
16.375000
16.400000
16.425000
16.450000
16.475000
16.500000
16.525000
16.550000
16.575000
16.600000
16.625000
16.650000
16.675000
16.700000
16.725000
16.750000
16.775000
16.800000
16.825000
16.850000
16.875000
16.900000
16.925000
16.950000
16.975000
17.000000
17.025000
17.050000
17.075000
17.100000
17.125000
17.150000
17.175000
17.200000
17.225000
17.250000
17.275000
17.300000
17.325000
17.350000
17.375000
17.400000
17.425000
17.450000
17.475000
17.500000
17.525000
17.550000
17.575000
17.600000
17.625000
17.650000
17.675000
17.700000
17.725000
17.750000
17.775000
17.800000
17.825000
17.850000
17.875000
17.900000
17.925000
17.950000
17.975000
18.000000
18.025000
18.050000
18.075000
18.100000
18.125000
18.150000
18.175000
18.200000
18.225000
18.250000
18.275000
18.300000
18.325000
18.350000
18.375000
18.400000
18.425000
18.450000
18.475000
18.500000
18.525000
18.550000
18.575000
18.600000
18.625000
18.650000
18.675000
18.700000
18.725000
18.750000
18.775000
18.800000
18.825000
18.850000
18.875000
18.900000
18.925000
18.950000
18.975000
19.000000
19.025000
19.050000
19.075000
19.100000
19.125000
19.150000
19.175000
19.200000
19.225000
19.250000
19.275000
19.300000
19.325000
19.350000
19.375000
19.400000
19.425000
19.450000
19.475000
19.500000
19.525000
19.550000
19.575000
19.600000
19.625000
19.650000
19.675000
19.700000
19.725000
19.750000
19.775000
19.800000
19.825000
19.850000
19.875000
19.900000
19.925000
19.950000
19.975000
20.000000
y coordinates of the trajectory:
2.000000
2.025000
2.050000
2.075000
2.100000
2.125000
2.150000
2.175000
2.200000
2.225000
2.250000
2.275000
2.300000
2.325000
2.350000
2.375000
2.400000
2.425000
2.450000
2.475000
2.500000
2.525000
2.550000
2.575000
2.600000
2.625000
2.650000
2.675000
2.700000
2.725000
2.750000
2.775000
2.800000
2.825000
2.850000
2.875000
2.900000
2.925000
2.950000
2.975000
3.000000
3.025000
3.050000
3.075000
3.100000
3.125000
3.150000
3.175000
3.200000
3.225000
3.250000
3.275000
3.300000
3.325000
3.350000
3.375000
3.400000
3.425000
3.450000
3.475000
3.500000
3.525000
3.550000
3.575000
3.600000
3.625000
3.650000
3.675000
3.700000
3.725000
3.750000
3.775000
3.800000
3.825000
3.850000
3.875000
3.900000
3.925000
3.950000
3.975000
4.000000
4.025000
4.050000
4.075000
4.100000
4.125000
4.150000
4.175000
4.200000
4.225000
4.250000
4.275000
4.300000
4.325000
4.350000
4.375000
4.400000
4.425000
4.450000
4.475000
4.500000
4.525000
4.550000
4.575000
4.600000
4.625000
4.650000
4.675000
4.700000
4.725000
4.750000
4.775000
4.800000
4.825000
4.850000
4.875000
4.900000
4.925000
4.950000
4.975000
5.000000
5.025000
5.050000
5.075000
5.100000
5.125000
5.150000
5.175000
5.200000
5.225000
5.250000
5.275000
5.300000
5.325000
5.350000
5.375000
5.400000
5.425000
5.450000
5.475000
5.500000
5.525000
5.550000
5.575000
5.600000
5.625000
5.650000
5.675000
5.700000
5.725000
5.750000
5.775000
5.800000
5.825000
5.850000
5.875000
5.900000
5.925000
5.950000
5.975000
6.000000
6.025000
6.050000
6.075000
6.100000
6.125000
6.150000
6.175000
6.200000
6.225000
6.250000
6.275000
6.300000
6.325000
6.350000
6.375000
6.400000
6.425000
6.450000
6.475000
6.500000
6.525000
6.550000
6.575000
6.600000
6.625000
6.650000
6.675000
6.700000
6.725000
6.750000
6.775000
6.800000
6.825000
6.850000
6.875000
6.900000
6.925000
6.950000
6.975000
7.000000
7.025000
7.050000
7.075000
7.100000
7.125000
7.150000
7.175000
7.200000
7.225000
7.250000
7.275000
7.300000
7.325000
7.350000
7.375000
7.400000
7.425000
7.450000
7.475000
7.500000
7.525000
7.550000
7.575000
7.600000
7.625000
7.650000
7.675000
7.700000
7.725000
7.750000
7.775000
7.800000
7.825000
7.850000
7.875000
7.900000
7.925000
7.950000
7.975000
8.000000
8.025000
8.050000
8.075000
8.100000
8.125000
8.150000
8.175000
8.200000
8.225000
8.250000
8.275000
8.300000
8.325000
8.350000
8.375000
8.400000
8.425000
8.450000
8.475000
8.500000
8.525000
8.550000
8.575000
8.600000
8.625000
8.650000
8.675000
8.700000
8.725000
8.750000
8.775000
8.800000
8.825000
8.850000
8.875000
8.900000
8.925000
8.950000
8.975000
9.000000
9.025000
9.050000
9.075000
9.100000
9.125000
9.150000
9.175000
9.200000
9.225000
9.250000
9.275000
9.300000
9.325000
9.350000
9.375000
9.400000
9.425000
9.450000
9.475000
9.500000
9.525000
9.550000
9.575000
9.600000
9.625000
9.650000
9.675000
9.700000
9.725000
9.750000
9.775000
9.800000
9.825000
9.850000
9.875000
9.900000
9.925000
9.950000
9.975000
10.000000
10.025000
10.050000
10.075000
10.100000
10.125000
10.150000
10.175000
10.200000
10.225000
10.250000
10.275000
10.300000
10.325000
10.350000
10.375000
10.400000
10.425000
10.450000
10.475000
10.500000
10.525000
10.550000
10.575000
10.600000
10.625000
10.650000
10.675000
10.700000
10.725000
10.750000
10.775000
10.800000
10.825000
10.850000
10.875000
10.900000
10.925000
10.950000
10.975000
11.000000
11.025000
11.050000
11.075000
11.100000
11.125000
11.150000
11.175000
11.200000
11.225000
11.250000
11.275000
11.300000
11.325000
11.350000
11.375000
11.400000
11.425000
11.450000
11.475000
11.500000
11.525000
11.550000
11.575000
11.600000
11.625000
11.650000
11.675000
11.700000
11.725000
11.750000
11.775000
11.800000
11.825000
11.850000
11.875000
11.900000
11.925000
11.950000
11.975000
12.000000
12.025000
12.050000
12.075000
12.100000
12.125000
12.150000
12.175000
12.200000
12.225000
12.250000
12.275000
12.300000
12.325000
12.350000
12.375000
12.400000
12.425000
12.450000
12.475000
12.500000
12.525000
12.550000
12.575000
12.600000
12.625000
12.650000
12.675000
12.700000
12.725000
12.750000
12.775000
12.800000
12.825000
12.850000
12.875000
12.900000
12.925000
12.950000
12.975000
13.000000
13.025000
13.050000
13.075000
13.100000
13.125000
13.150000
13.175000
13.200000
13.225000
13.250000
13.275000
13.300000
13.325000
13.350000
13.375000
13.400000
13.425000
13.450000
13.475000
13.500000
13.525000
13.550000
13.575000
13.600000
13.625000
13.650000
13.675000
13.700000
13.725000
13.750000
13.775000
13.800000
13.825000
13.850000
13.875000
13.900000
13.925000
13.950000
13.975000
14.000000
z coordinates of the trajectory:
2.000000
2.035355
2.070711
2.106066
2.141421
2.176777
2.212132
2.247487
2.282843
2.318198
2.353553
2.388909
2.424264
2.459619
2.494975
2.530330
2.565685
2.601041
2.636396
2.671751
2.707107
2.742462
2.777817
2.813173
2.848528
2.883883
2.919239
2.954594
2.989949
3.025305
3.060660
3.096016
3.131371
3.166726
3.202082
3.237437
3.272792
3.308148
3.343503
3.378858
3.414214
3.449569
3.484924
3.520280
3.555635
3.590990
3.626346
3.661701
3.697056
3.732412
3.767767
3.803122
3.838478
3.873833
3.909188
3.944544
3.979899
4.015254
4.050610
4.085965
4.121320
4.156676
4.192031
4.227386
4.262742
4.298097
4.333452
4.368808
4.404163
4.439518
4.474874
4.510229
4.545584
4.580940
4.616295
4.651650
4.687006
4.722361
4.757716
4.793072
4.828427
4.863782
4.899138
4.934493
4.969848
5.005204
5.040559
5.075914
5.111270
5.146625
5.181981
5.217336
5.252691
5.288047
5.323402
5.358757
5.394113
5.429468
5.464823
5.500179
5.535534
5.570889
5.606245
5.641600
5.676955
5.712311
5.747666
5.783021
5.818377
5.853732
5.889087
5.924443
5.959798
5.995153
6.030509
6.065864
6.101219
6.136575
6.171930
6.207285
6.242641
6.277996
6.313351
6.348707
6.384062
6.419417
6.454773
6.490128
6.525483
6.560839
6.596194
6.631549
6.666905
6.702260
6.737615
6.772971
6.808326
6.843681
6.879037
6.914392
6.949747
6.985103
7.020458
7.055813
7.091169
7.126524
7.161880
7.197235
7.232590
7.267946
7.303301
7.338656
7.374012
7.409367
7.444722
7.480078
7.515433
7.550788
7.586144
7.621499
7.656854
7.692210
7.727565
7.762920
7.798276
7.833631
7.868986
7.904342
7.939697
7.975052
8.010408
8.045763
8.081118
8.116474
8.151829
8.187184
8.222540
8.257895
8.293250
8.328606
8.363961
8.399316
8.434672
8.470027
8.505382
8.540738
8.576093
8.611448
8.646804
8.682159
8.717514
8.752870
8.788225
8.823580
8.858936
8.894291
8.929646
8.965002
9.000357
9.035712
9.071068
9.106423
9.141778
9.177134
9.212489
9.247845
9.283200
9.318555
9.353911
9.389266
9.424621
9.459977
9.495332
9.530687
9.566043
9.601398
9.636753
9.672109
9.707464
9.742819
9.778175
9.813530
9.848885
9.884241
9.919596
9.954951
9.990307
10.025662
10.061017
10.096373
10.131728
10.167083
10.202439
10.237794
10.273149
10.308505
10.343860
10.379215
10.414571
10.449926
10.485281
10.520637
10.555992
10.591347
10.626703
10.662058
10.697413
10.732769
10.768124
10.803479
10.838835
10.874190
10.909545
10.944901
10.980256
11.015611
11.050967
11.086322
11.121677
11.157033
11.192388
11.227743
11.263099
11.298454
11.333810
11.369165
11.404520
11.439876
11.475231
11.510586
11.545942
11.581297
11.616652
11.652008
11.687363
11.722718
11.758074
11.793429
11.828784
11.864140
11.899495
11.934850
11.970206
12.005561
12.040916
12.076272
12.111627
12.146982
12.182338
12.217693
12.253048
12.288404
12.323759
12.359114
12.394470
12.429825
12.465180
12.500536
12.535891
12.571246
12.606602
12.641957
12.677312
12.712668
12.748023
12.783378
12.818734
12.854089
12.889444
12.924800
12.960155
12.995510
13.030866
13.066221
13.101576
13.136932
13.172287
13.207642
13.242998
13.278353
13.313708
13.349064
13.384419
13.419775
13.455130
13.490485
13.525841
13.561196
13.596551
13.631907
13.667262
13.702617
13.737973
13.773328
13.808683
13.844039
13.879394
13.914749
13.950105
13.985460
14.020815
14.056171
14.091526
14.126881
14.162237
14.197592
14.232947
14.268303
14.303658
14.339013
14.374369
14.409724
14.445079
14.480435
14.515790
14.551145
14.586501
14.621856
14.657211
14.692567
14.727922
14.763277
14.798633
14.833988
14.869343
14.904699
14.940054
14.975409
15.010765
15.046120
15.081475
15.116831
15.152186
15.187541
15.222897
15.258252
15.293607
15.328963
15.364318
15.399674
15.435029
15.470384
15.505740
15.541095
15.576450
15.611806
15.647161
15.682516
15.717872
15.753227
15.788582
15.823938
15.859293
15.894648
15.930004
15.965359
16.000714
16.036070
16.071425
16.106780
16.142136
16.177491
16.212846
16.248202
16.283557
16.318912
16.354268
16.389623
16.424978
16.460334
16.495689
16.531044
16.566400
16.601755
16.637110
16.672466
16.707821
16.743176
16.778532
16.813887
16.849242
16.884598
16.919953
16.955308
16.990664
17.026019
17.061374
17.096730
17.132085
17.167440
17.202796
17.238151
17.273506
17.308862
17.344217
17.379572
17.414928
17.450283
17.485639
17.520994
17.556349
17.591705
17.627060
17.662415
17.697771
17.733126
17.768481
17.803837
17.839192
17.874547
17.909903
17.945258
17.980613
18.015969
18.051324
18.086679
18.122035
18.157390
18.192745
18.228101
18.263456
18.298811
18.334167
18.369522
18.404877
18.440233
18.475588
18.510943
18.546299
18.581654
18.617009
18.652365
18.687720
18.723075
18.758431
18.793786
18.829141
18.864497
18.899852
18.935207
18.970563
time particle is at a certain position (in sec):
0.000000
0.000500
0.001000
0.001500
0.002000
0.002500
0.003000
0.003500
0.004000
0.004500
0.005000
0.005500
0.006000
0.006500
0.007000
0.007500
0.008000
0.008500
0.009000
0.009500
0.010000
0.010500
0.011000
0.011500
0.012000
0.012500
0.013000
0.013500
0.014000
0.014500
0.015000
0.015500
0.016000
0.016500
0.017000
0.017500
0.018000
0.018500
0.019000
0.019500
0.020000
0.020500
0.021000
0.021500
0.022000
0.022500
0.023000
0.023500
0.024000
0.024500
0.025000
0.025500
0.026000
0.026500
0.027000
0.027500
0.028000
0.028500
0.029000
0.029500
0.030000
0.030500
0.031000
0.031500
0.032000
0.032500
0.033000
0.033500
0.034000
0.034500
0.035000
0.035500
0.036000
0.036500
0.037000
0.037500
0.038000
0.038500
0.039000
0.039500
0.040000
0.040500
0.041000
0.041500
0.042000
0.042500
0.043000
0.043500
0.044000
0.044500
0.045000
0.045500
0.046000
0.046500
0.047000
0.047500
0.048000
0.048500
0.049000
0.049500
0.050000
0.050500
0.051000
0.051500
0.052000
0.052500
0.053000
0.053500
0.054000
0.054500
0.055000
0.055500
0.056000
0.056500
0.057000
0.057500
0.058000
0.058500
0.059000
0.059500
0.060000
0.060500
0.061000
0.061500
0.062000
0.062500
0.063000
0.063500
0.064000
0.064500
0.065000
0.065500
0.066000
0.066500
0.067000
0.067500
0.068000
0.068500
0.069000
0.069500
0.070000
0.070500
0.071000
0.071500
0.072000
0.072500
0.073000
0.073500
0.074000
0.074500
0.075000
0.075500
0.076000
0.076500
0.077000
0.077500
0.078000
0.078500
0.079000
0.079500
0.080000
0.080500
0.081000
0.081500
0.082000
0.082500
0.083000
0.083500
0.084000
0.084500
0.085000
0.085500
0.086000
0.086500
0.087000
0.087500
0.088000
0.088500
0.089000
0.089500
0.090000
0.090500
0.091000
0.091500
0.092000
0.092500
0.093000
0.093500
0.094000
0.094500
0.095000
0.095500
0.096000
0.096500
0.097000
0.097500
0.098000
0.098500
0.099000
0.099500
0.100000
0.100500
0.101000
0.101500
0.102000
0.102500
0.103000
0.103500
0.104000
0.104500
0.105000
0.105500
0.106000
0.106500
0.107000
0.107500
0.108000
0.108500
0.109000
0.109500
0.110000
0.110500
0.111000
0.111500
0.112000
0.112500
0.113000
0.113500
0.114000
0.114500
0.115000
0.115500
0.116000
0.116500
0.117000
0.117500
0.118000
0.118500
0.119000
0.119500
0.120000
0.120500
0.121000
0.121500
0.122000
0.122500
0.123000
0.123500
0.124000
0.124500
0.125000
0.125500
0.126000
0.126500
0.127000
0.127500
0.128000
0.128500
0.129000
0.129500
0.130000
0.130500
0.131000
0.131500
0.132000
0.132500
0.133000
0.133500
0.134000
0.134500
0.135000
0.135500
0.136000
0.136500
0.137000
0.137500
0.138000
0.138500
0.139000
0.139500
0.140000
0.140500
0.141000
0.141500
0.142000
0.142500
0.143000
0.143500
0.144000
0.144500
0.145000
0.145500
0.146000
0.146500
0.147000
0.147500
0.148000
0.148500
0.149000
0.149500
0.150000
0.150500
0.151000
0.151500
0.152000
0.152500
0.153000
0.153500
0.154000
0.154500
0.155000
0.155500
0.156000
0.156500
0.157000
0.157500
0.158000
0.158500
0.159000
0.159500
0.160000
0.160500
0.161000
0.161500
0.162000
0.162500
0.163000
0.163500
0.164000
0.164500
0.165000
0.165500
0.166000
0.166500
0.167000
0.167500
0.168000
0.168500
0.169000
0.169500
0.170000
0.170500
0.171000
0.171500
0.172000
0.172500
0.173000
0.173500
0.174000
0.174500
0.175000
0.175500
0.176000
0.176500
0.177000
0.177500
0.178000
0.178500
0.179000
0.179500
0.180000
0.180500
0.181000
0.181500
0.182000
0.182500
0.183000
0.183500
0.184000
0.184500
0.185000
0.185500
0.186000
0.186500
0.187000
0.187500
0.188000
0.188500
0.189000
0.189500
0.190000
0.190500
0.191000
0.191500
0.192000
0.192500
0.193000
0.193500
0.194000
0.194500
0.195000
0.195500
0.196000
0.196500
0.197000
0.197500
0.198000
0.198500
0.199000
0.199500
0.200000
0.200500
0.201000
0.201500
0.202000
0.202500
0.203000
0.203500
0.204000
0.204500
0.205000
0.205500
0.206000
0.206500
0.207000
0.207500
0.208000
0.208500
0.209000
0.209500
0.210000
0.210500
0.211000
0.211500
0.212000
0.212500
0.213000
0.213500
0.214000
0.214500
0.215000
0.215500
0.216000
0.216500
0.217000
0.217500
0.218000
0.218500
0.219000
0.219500
0.220000
0.220500
0.221000
0.221500
0.222000
0.222500
0.223000
0.223500
0.224000
0.224500
0.225000
0.225500
0.226000
0.226500
0.227000
0.227500
0.228000
0.228500
0.229000
0.229500
0.230000
0.230500
0.231000
0.231500
0.232000
0.232500
0.233000
0.233500
0.234000
0.234500
0.235000
0.235500
0.236000
0.236500
0.237000
0.237500
0.238000
0.238500
0.239000
0.239500
0.240000
|v| at a certain position:
100.000000
100.000000
100.000000
100.000000
100.000000
100.000000
100.000000
100.000000
100.000000
100.000000
100.000000
100.000000
100.000000
100.000000
100.000000
100.000000
100.000000
100.000000
100.000000
100.000000
100.000000
100.000000
100.000000
100.000000
100.000000
100.000000
100.000000
100.000000
100.000000
100.000000
100.000000
100.000000
100.000000
100.000000
100.000000
100.000000
100.000000
100.000000
100.000000
100.000000
100.000000
100.000000
100.000000
100.000000
100.000000
100.000000
100.000000
100.000000
100.000000
100.000000
100.000000
100.000000
100.000000
100.000000
100.000000
100.000000
100.000000
100.000000
100.000000
100.000000
100.000000
100.000000
100.000000
100.000000
100.000000
100.000000
100.000000
100.000000
100.000000
100.000000
100.000000
100.000000
100.000000
100.000000
100.000000
100.000000
100.000000
100.000000
100.000000
100.000000
100.000000
100.000000
100.000000
100.000000
100.000000
100.000000
100.000000
100.000000
100.000000
100.000000
100.000000
100.000000
100.000000
100.000000
100.000000
100.000000
100.000000
100.000000
100.000000
100.000000
100.000000
100.000000
100.000000
100.000000
100.000000
100.000000
100.000000
100.000000
100.000000
100.000000
100.000000
100.000000
100.000000
100.000000
100.000000
100.000000
100.000000
100.000000
100.000000
100.000000
100.000000
100.000000
100.000000
100.000000
100.000000
100.000000
100.000000
100.000000
100.000000
100.000000
100.000000
100.000000
100.000000
100.000000
100.000000
100.000000
100.000000
100.000000
100.000000
100.000000
100.000000
100.000000
100.000000
100.000000
100.000000
100.000000
100.000000
100.000000
100.000000
100.000000
100.000000
100.000000
100.000000
100.000000
100.000000
100.000000
100.000000
100.000000
100.000000
100.000000
100.000000
100.000000
100.000000
100.000000
100.000000
100.000000
100.000000
100.000000
100.000000
100.000000
100.000000
100.000000
100.000000
100.000000
100.000000
100.000000
100.000000
100.000000
100.000000
100.000000
100.000000
100.000000
100.000000
100.000000
100.000000
100.000000
100.000000
100.000000
100.000000
100.000000
100.000000
100.000000
100.000000
100.000000
100.000000
100.000000
100.000000
100.000000
100.000000
100.000000
100.000000
100.000000
100.000000
100.000000
100.000000
100.000000
100.000000
100.000000
100.000000
100.000000
100.000000
100.000000
100.000000
100.000000
100.000000
100.000000
100.000000
100.000000
100.000000
100.000000
100.000000
100.000000
100.000000
100.000000
100.000000
100.000000
100.000000
100.000000
100.000000
100.000000
100.000000
100.000000
100.000000
100.000000
100.000000
100.000000
100.000000
100.000000
100.000000
100.000000
100.000000
100.000000
100.000000
100.000000
100.000000
100.000000
100.000000
100.000000
100.000000
100.000000
100.000000
100.000000
100.000000
100.000000
100.000000
100.000000
100.000000
100.000000
100.000000
100.000000
100.000000
100.000000
100.000000
100.000000
100.000000
100.000000
100.000000
100.000000
100.000000
100.000000
100.000000
100.000000
100.000000
100.000000
100.000000
100.000000
100.000000
100.000000
100.000000
100.000000
100.000000
100.000000
100.000000
100.000000
100.000000
100.000000
100.000000
100.000000
100.000000
100.000000
100.000000
100.000000
100.000000
100.000000
100.000000
100.000000
100.000000
100.000000
100.000000
100.000000
100.000000
100.000000
100.000000
100.000000
100.000000
100.000000
100.000000
100.000000
100.000000
100.000000
100.000000
100.000000
100.000000
100.000000
100.000000
100.000000
100.000000
100.000000
100.000000
100.000000
100.000000
100.000000
100.000000
100.000000
100.000000
100.000000
100.000000
100.000000
100.000000
100.000000
100.000000
100.000000
100.000000
100.000000
100.000000
100.000000
100.000000
100.000000
100.000000
100.000000
100.000000
100.000000
100.000000
100.000000
100.000000
100.000000
100.000000
100.000000
100.000000
100.000000
100.000000
100.000000
100.000000
100.000000
100.000000
100.000000
100.000000
100.000000
100.000000
100.000000
100.000000
100.000000
100.000000
100.000000
100.000000
100.000000
100.000000
100.000000
100.000000
100.000000
100.000000
100.000000
100.000000
100.000000
100.000000
100.000000
100.000000
100.000000
100.000000
100.000000
100.000000
100.000000
100.000000
100.000000
100.000000
100.000000
100.000000
100.000000
100.000000
100.000000
100.000000
100.000000
100.000000
100.000000
100.000000
100.000000
100.000000
100.000000
100.000000
100.000000
100.000000
100.000000
100.000000
100.000000
100.000000
100.000000
100.000000
100.000000
100.000000
100.000000
100.000000
100.000000
100.000000
100.000000
100.000000
100.000000
100.000000
100.000000
100.000000
100.000000
100.000000
100.000000
100.000000
100.000000
100.000000
100.000000
100.000000
100.000000
100.000000
100.000000
100.000000
100.000000
100.000000
100.000000
100.000000
100.000000
100.000000
100.000000
100.000000
100.000000
100.000000
100.000000
100.000000
100.000000
100.000000
100.000000
100.000000
100.000000
100.000000
100.000000
100.000000
100.000000
100.000000
100.000000
100.000000
100.000000
100.000000
100.000000
100.000000
100.000000
100.000000
100.000000
100.000000
100.000000
100.000000
100.000000
100.000000
100.000000
100.000000
100.000000
100.000000
100.000000
100.000000
100.000000
100.000000
100.000000
100.000000
100.000000
100.000000
100.000000
100.000000
|a| at a certain position:
0.000000
0.000000
0.000000
0.000000
0.000000
0.000000
0.000000
0.000000
0.000000
0.000000
0.000000
0.000000
0.000000
0.000000
0.000000
0.000000
0.000000
0.000000
0.000000
0.000000
0.000000
0.000000
0.000000
0.000000
0.000000
0.000000
0.000000
0.000000
0.000000
0.000000
0.000000
0.000000
0.000000
0.000000
0.000000
0.000000
0.000000
0.000000
0.000000
0.000000
0.000000
0.000000
0.000000
0.000000
0.000000
0.000000
0.000000
0.000000
0.000000
0.000000
0.000000
0.000000
0.000000
0.000000
0.000000
0.000000
0.000000
0.000000
0.000000
0.000000
0.000000
0.000000
0.000000
0.000000
0.000000
0.000000
0.000000
0.000000
0.000000
0.000000
0.000000
0.000000
0.000000
0.000000
0.000000
0.000000
0.000000
0.000000
0.000000
0.000000
0.000000
0.000000
0.000000
0.000000
0.000000
0.000000
0.000000
0.000000
0.000000
0.000000
0.000000
0.000000
0.000000
0.000000
0.000000
0.000000
0.000000
0.000000
0.000000
0.000000
0.000000
0.000000
0.000000
0.000000
0.000000
0.000000
0.000000
0.000000
0.000000
0.000000
0.000000
0.000000
0.000000
0.000000
0.000000
0.000000
0.000000
0.000000
0.000000
0.000000
0.000000
0.000000
0.000000
0.000000
0.000000
0.000000
0.000000
0.000000
0.000000
0.000000
0.000000
0.000000
0.000000
0.000000
0.000000
0.000000
0.000000
0.000000
0.000000
0.000000
0.000000
0.000000
0.000000
0.000000
0.000000
0.000000
0.000000
0.000000
0.000000
0.000000
0.000000
0.000000
0.000000
0.000000
0.000000
0.000000
0.000000
0.000000
0.000000
0.000000
0.000000
0.000000
0.000000
0.000000
0.000000
0.000000
0.000000
0.000000
0.000000
0.000000
0.000000
0.000000
0.000000
0.000000
0.000000
0.000000
0.000000
0.000000
0.000000
0.000000
0.000000
0.000000
0.000000
0.000000
0.000000
0.000000
0.000000
0.000000
0.000000
0.000000
0.000000
0.000000
0.000000
0.000000
0.000000
0.000000
0.000000
0.000000
0.000000
0.000000
0.000000
0.000000
0.000000
0.000000
0.000000
0.000000
0.000000
0.000000
0.000000
0.000000
0.000000
0.000000
0.000000
0.000000
0.000000
0.000000
0.000000
0.000000
0.000000
0.000000
0.000000
0.000000
0.000000
0.000000
0.000000
0.000000
0.000000
0.000000
0.000000
0.000000
0.000000
0.000000
0.000000
0.000000
0.000000
0.000000
0.000000
0.000000
0.000000
0.000000
0.000000
0.000000
0.000000
0.000000
0.000000
0.000000
0.000000
0.000000
0.000000
0.000000
0.000000
0.000000
0.000000
0.000000
0.000000
0.000000
0.000000
0.000000
0.000000
0.000000
0.000000
0.000000
0.000000
0.000000
0.000000
0.000000
0.000000
0.000000
0.000000
0.000000
0.000000
0.000000
0.000000
0.000000
0.000000
0.000000
0.000000
0.000000
0.000000
0.000000
0.000000
0.000000
0.000000
0.000000
0.000000
0.000000
0.000000
0.000000
0.000000
0.000000
0.000000
0.000000
0.000000
0.000000
0.000000
0.000000
0.000000
0.000000
0.000000
0.000000
0.000000
0.000000
0.000000
0.000000
0.000000
0.000000
0.000000
0.000000
0.000000
0.000000
0.000000
0.000000
0.000000
0.000000
0.000000
0.000000
0.000000
0.000000
0.000000
0.000000
0.000000
0.000000
0.000000
0.000000
0.000000
0.000000
0.000000
0.000000
0.000000
0.000000
0.000000
0.000000
0.000000
0.000000
0.000000
0.000000
0.000000
0.000000
0.000000
0.000000
0.000000
0.000000
0.000000
0.000000
0.000000
0.000000
0.000000
0.000000
0.000000
0.000000
0.000000
0.000000
0.000000
0.000000
0.000000
0.000000
0.000000
0.000000
0.000000
0.000000
0.000000
0.000000
0.000000
0.000000
0.000000
0.000000
0.000000
0.000000
0.000000
0.000000
0.000000
0.000000
0.000000
0.000000
0.000000
0.000000
0.000000
0.000000
0.000000
0.000000
0.000000
0.000000
0.000000
0.000000
0.000000
0.000000
0.000000
0.000000
0.000000
0.000000
0.000000
0.000000
0.000000
0.000000
0.000000
0.000000
0.000000
0.000000
0.000000
0.000000
0.000000
0.000000
0.000000
0.000000
0.000000
0.000000
0.000000
0.000000
0.000000
0.000000
0.000000
0.000000
0.000000
0.000000
0.000000
0.000000
0.000000
0.000000
0.000000
0.000000
0.000000
0.000000
0.000000
0.000000
0.000000
0.000000
0.000000
0.000000
0.000000
0.000000
0.000000
0.000000
0.000000
0.000000
0.000000
0.000000
0.000000
0.000000
0.000000
0.000000
0.000000
0.000000
0.000000
0.000000
0.000000
0.000000
0.000000
0.000000
0.000000
0.000000
0.000000
0.000000
0.000000
0.000000
0.000000
0.000000
0.000000
0.000000
0.000000
0.000000
0.000000
0.000000
0.000000
0.000000
0.000000
0.000000
0.000000
0.000000
0.000000
0.000000
0.000000
0.000000
0.000000
0.000000
0.000000
0.000000
0.000000
0.000000
0.000000
0.000000
0.000000
End of file
